-1.71498
-1.47151
-1.22563
-1.1992
-1.05
-1.07695
-1.03332
-1.10494
-1.24424
-1.38505
-1.43424
-1.37003
-1.35544
-1.2278
-1.10269
-1.13027
-1.1978
-1.30214
-1.2439
-1.13143
-1.24838
-1.52207
-1.44727
-1.47602
-1.80751
-1.76209
-1.34182
-1.24597
-1.20966
-1.11855
-1.0674
-1.09157
-1.10455
-1.15646
-1.18178
-1.18365
-1.15215
-1.20208
-1.30185
-1.21494
-1.14889
-1.17185
-1.20893
-1.22642
-1.16234
-1.18051
-1.14955
-1.26133
-1.35629
-1.40437
-1.18202
-1.21927
-1.09794
-1.09021
-1.16202
-1.29111
-1.33053
-1.34496
-1.34164
-1.239
-1.29175
-1.2212
-1.20922
-1.22791
-1.18524
-1.24326
-1.23429
-1.1973
-1.2598
-1.34075
-1.29833
-1.25547
-1.3515
-1.30288
-1.39547
-1.29903
-1.1873
-1.20431
-1.24921
-1.28079
-1.2677
-1.2388
-1.07951
-1.15425
-1.25747
-1.19731
-1.01688
-1.1589
-1.32808
-1.2273
-1.09993
-1.15724
-1.21531
-1.15897
-1.50425
-1.51672
-1.27069
-1.28502
-1.25286
-1.30004
-1.21842
-1.20721
-1.22636
-1.30086
-1.35868
-1.44994
-1.37074
-1.10132
-1.24648
-1.40783
-1.32266
-1.39245
-1.10629
-1.11614
-1.16765
-1.07499
-1.11891
-1.17162
-0.985337
-0.968429
-1.236
-1.32596
-1.22652
-0.89008
-0.783885
-0.926805
-1.66714
-1.9114
-1.86926
-1.45064
-1.29202
-1.23432
-1.28017
-1.21724
-1.2728
-1.31815
-1.23428
-1.31734
-1.19968
-1.21169
-1.23935
-1.21718
-1.2046
-1.17628
-1.15294
-1.1644
-1.13698
-1.04732
-1.07427
-1.10024
-1.1869
-1.10688
-1.02426
-1.22256
-1.31528
-1.30896
-1.28804
-1.20324
-1.14591
-1.17237
-1.31107
-1.32764
-1.23462
-1.1504
-1.20674
-1.27251
-1.23381
-1.16296
-1.20234
-1.08027
-1.21709
-1.28852
-1.21039
-1.10406
-1.06826
-1.16811
-1.17284
-1.2159
-1.44461
-1.53364
-1.49435
-1.22734
-1.23379
-1.13967
-1.17245
-1.18623
-1.0217
-1.02776
-1.12111
-1.16683
-1.16051
-1.21358
-1.19613
-1.24948
-1.25972
-1.24237
-1.24931
-1.30097
-1.22602
-1.24021
-1.32
-1.3285
-1.17511
-1.22656
-1.1487
-1.12412
-1.14748
-0.76412
-0.728994
-1.00209
-0.946778
-0.769864
-0.891612
-1.19075
-1.17486
-1.17427
-1.31029
-1.29012
-1.1605
-1.14192
-1.18572
-1.25932
-1.31044
-1.48889
-1.32107
-1.23748
-1.36942
-1.25105
-1.28459
-1.28223
-1.40788
-1.48571
-1.31863
-1.31112
-1.36593
-1.42487
-1.44568
-1.40622
-1.36363
-1.32743
-1.30538
-1.30332
-1.36571
-1.28339
-1.23442
-1.34096
-1.42356
-1.39182
-1.36229
-1.36006
-1.38279
-1.53354
-1.53806
-1.43415
-1.35454
-1.33145
-1.4622
-1.52381
-1.54895
-1.36871
-1.36569
-1.30991
-1.33245
-1.39111
-1.47639
-1.48953
-1.47497
-1.30988
-1.18462
-1.38251
-1.40019
-1.36322
-1.57231
-1.5879
-1.58123
-1.54354
-1.38454
-1.41818
-1.28019
-1.19459
-1.16658
-1.37113
-1.41174
-1.49298
-1.4859
-1.51031
-1.57252
-1.47469
-1.39112
-1.35674
-1.41711
-1.35939
-1.4553
-1.49386
-1.49543
-1.49016
-1.35866
-1.31491
-1.38563
-1.53624
-1.44893
-1.43034
-1.3642
-1.51627
-1.56695
-1.59359
-1.45552
-1.34902
-1.47203
-1.46122
-1.26797
-1.25306
-1.27555
-1.3264
-1.38948
-1.46995
-1.3834
-1.28441
-1.37387
-1.34269
-1.29254
-1.22357
-1.32661
-1.36056
-1.47557
-1.39769
-1.2943
-1.34405
-1.33891
-1.41426
-1.40825
-1.21994
-1.27974
-1.29319
-1.22049
-1.30575
-1.43106
-1.41554
-1.33286
-1.45944
-1.36382
-1.28791
-1.43627
-1.47782
-1.44634
-1.33569
-1.37211
-1.38543
-1.32332
-1.34153
-1.30642
-1.26566
-1.19965
-1.20039
-1.23106
-1.29192
-1.1928
-1.32997
-1.41285
-1.36496
-1.47566
-1.42914
-1.31371
-1.32744
-1.22598
-1.20278
-1.23949
-1.28804
-1.29155
-1.25607
-1.2026
-1.15054
-1.13366
-1.27486
-1.31102
-1.25949
-1.30825
-1.28992
-1.12797
-1.05366
-1.09956
-1.06811
-1.28438
-1.25784
-1.19446
-1.14062
-1.02523
-1.14656
-1.20599
-1.10492
-1.23551
-0.916826
-0.291159
-0.343599
-0.896737
-1.08458
-1.09978
-1.12997
-1.20263
-0.69149
-0.079982
-0.124848
-0.676352
-1.15897
-1.17415
-1.2377
-1.16561
-1.21429
-1.11804
-1.19585
-1.17325
-1.08948
-1.10957
-1.11693
-1.11689
-1.05459
-1.05915
-1.06723
-1.11412
-1.32344
-1.33603
-1.21378
-1.13913
-1.2082
-1.24441
-1.14478
-1.10896
-1.10168
-1.13288
-1.24144
-1.40036
-1.25654
-1.42504
-1.0617
-0.851765
-1.20448
-1.7091
-1.7232
-1.89786
-1.86709
-1.75528
-1.52245
-2.05357
-2.41614
-2.64126
-2.92474
-2.96233
-2.87181
-2.94263
-3.11121
-3.14194
-3.1592
-2.87259
-2.56941
-2.45476
-2.36304
-2.22278
-2.35592
-2.55409
-2.58129
-2.63077
-2.80012
-3.11969
-2.73202
-2.6106
-2.61399
-2.36287
-2.34805
-2.39121
-2.31886
-2.28194
-2.25292
-2.14534
-2.00356
-1.81081
-1.78846
-1.90583
-2.62674
-2.95424
-2.81659
-2.41808
-2.41842
-2.64434
-2.3215
-2.25951
-2.63739
-2.97158
-3.1589
-3.22681
-3.35563
-3.22067
-2.98534
-2.80704
-2.66747
-2.80402
-2.95037
-2.71844
-2.43357
-2.42403
-2.32427
-1.84718
-1.65647
-1.45223
-1.10963
-0.846292
-0.659318
-0.344862
0.147943
0.330119
0.493
0.472951
0.387186
0.220891
0.162204
0.321265
0.265853
0.0927892
0.0704636
-0.0288792
-0.200617
-0.543885
-0.926131
-1.32734
-1.93299
-2.5093
-2.68962
-2.99398
-3.13543
-3.184
-3.20089
-3.13681
-3.08928
-2.89002
-2.94483
-3.10688
-3.15708
-3.13016
-3.10055
-2.71449
-2.50248
-2.41984
-2.47487
-2.4088
-2.37615
-2.36847
-2.36289
-2.3858
-2.31931
-2.38587
-2.39144
-2.34623
-2.39364
-2.55568
-2.81051
-2.83889
-2.8484
-2.84219
-2.89692
-2.89181
-2.89906
-3.13584
-3.23055
-2.96963
-2.77908
-2.7997
-2.88374
-2.9605
-2.93246
-2.88882
-2.70794
-2.66629
-2.44549
-2.24245
-2.30168
-2.38123
-2.39257
-2.37365
-2.34635
-2.22032
-2.03605
-2.00651
-2.01879
-2.09088
-2.09726
-2.02718
-2.14691
-2.21972
-2.25568
-2.21036
-2.23214
-2.38771
-2.50363
-2.54046
-2.56893
-2.43842
-1.71912
-1.13908
-0.85285
-0.725585
-0.519813
-0.283665
-0.30931
-0.401717
-0.318405
-0.22809
-0.126001
-0.162018
-0.317304
-0.55057
-1.13148
-1.67745
-1.97986
-2.11723
-2.01805
-1.92606
-1.90662
-2.13936
-2.48394
-2.60765
-2.48686
-2.41031
-2.48881
-2.49047
-2.49685
-2.6007
-2.68684
-2.76732
-2.71735
-2.72535
-2.80452
-2.84098
-2.93992
-3.14457
-2.81952
-2.61444
-2.58416
-2.51905
-2.5926
-2.57277
-2.5557
-2.59584
-2.67342
-2.68597
-2.60025
-2.57481
-2.52391
-2.39833
-2.40882
-2.53888
-2.72445
-2.76485
-2.60424
-2.52356
-2.56053
-2.63298
-2.67001
-2.72585
-2.8035
-2.91418
-2.87004
-2.79347
-2.92422
-3.09766
-3.1027
-3.0453
-3.1384
-3.14292
-3.27218
-3.46055
-2.97569
-2.79731
-1.98471
-0.979609
-0.941839
-1.34517
-1.82004
-1.85744
-1.65145
-1.46911
-1.47279
-1.51544
-1.54574
-1.39199
-1.2975
-1.37159
-1.47675
-2.01077
-2.81723
-3.03793
-3.06973
-2.98508
-2.91774
-3.01352
-2.74998
-2.74401
-2.70642
-2.49261
-2.57752
-2.55845
-2.38521
-2.11233
-2.21287
-2.4994
-2.53758
-2.63975
-2.63082
-2.44447
-2.44082
-2.45798
-2.46956
-2.35908
-2.35591
-2.32624
-2.36873
-2.36457
-2.37354
-2.40425
-2.18971
-2.1746
-2.29933
-2.43744
-2.44598
-2.35196
-2.36135
-2.32219
-2.33144
-2.24397
-2.05119
-1.90034
-1.93624
-2.11531
-2.18613
-2.0362
-1.83581
-1.74444
-2.12736
-2.44047
-2.42716
-2.27717
-2.32128
-2.56877
-2.85145
-2.80519
-2.83012
-2.89778
-3.01496
-2.81246
-2.72371
-2.85451
-2.67851
-2.49812
-2.43302
-2.45752
-2.56664
-2.62359
-2.58389
-2.71134
-2.70576
-2.56252
-2.47812
-2.49801
-2.39111
-2.55291
-2.74939
-2.49348
-2.21923
-2.30646
-2.15517
-2.09697
-2.37378
-2.56574
-2.6828
-2.12572
-1.38061
-0.633382
-0.251142
-0.140562
-0.0964867
0.0283681
0.293891
0.532044
0.32226
0.182797
0.524126
0.70549
0.560745
0.506434
0.384831
0.102856
0.214317
0.102955
-0.106373
-0.265738
-0.423134
-0.794319
-1.13562
-1.44466
-1.64195
-1.58097
-1.3749
-1.18696
-1.1854
-1.22429
-1.30058
-1.3115
-1.17941
-1.278
-1.53124
-1.68293
-1.70237
-1.74118
-1.8568
-1.77052
-1.77411
-1.82539
-1.72202
-1.7538
-1.89762
-1.74677
-1.60292
-1.67894
-1.73018
-1.71912
-1.75435
-1.60275
-1.65692
-1.60158
-1.50863
-1.55663
-1.57076
-1.59044
-1.53818
-1.58675
-1.6357
-1.72044
-1.70829
-1.66905
-1.62496
-1.66016
-1.62878
-1.58831
-1.62364
-1.48648
-1.32452
-1.35589
-1.47291
-1.37977
-1.40767
-1.34834
-1.2508
-1.38153
-1.48845
-1.46649
-1.41208
-1.35557
-1.22262
-1.32081
-1.36653
-1.49926
-1.41424
-1.22466
-1.213
-1.21126
-1.30272
-1.28467
-1.21179
-1.15138
-1.09161
-1.16702
-1.25038
-1.28056
-1.3539
-1.23858
-1.14375
-1.31
-1.23499
-1.13852
-1.24038
-1.44696
-1.58557
-1.80277
-2.01285
-2.33781
-2.56875
-2.64732
-2.84638
-2.90124
-2.70357
-2.59536
-2.8039
-2.90651
-2.65233
-2.63614
-2.92261
-2.75947
-2.87327
-3.04768
-2.95905
-2.92289
-3.00294
-3.00492
-2.99361
-2.97297
-2.8791
-2.77313
-2.85243
-2.79767
-2.70176
-2.74079
-2.88784
-2.91488
-2.91883
-2.97219
-2.61081
-2.33325
-2.29062
-2.32075
-2.22592
-2.13322
-2.20334
-2.57378
-2.7848
-2.71344
-2.68096
-2.69039
-2.64392
-2.58216
-2.46899
-2.49075
-2.70894
-2.49665
-2.33431
-2.34498
-2.4176
-2.02527
-1.55169
-1.63828
-1.38374
-1.30742
-1.50304
-1.69135
-1.78098
-1.7305
-2.15598
-1.84826
-1.7048
-1.77806
-1.77096
-2.11643
-2.56835
-2.31025
-2.32754
-2.53436
-2.57801
-2.41522
-2.39696
-2.63983
-2.62491
-2.67638
-2.57709
-2.27772
-2.36217
-2.61262
-2.37362
-1.83071
-1.25802
-0.678194
-0.376578
-0.183253
-0.0198395
0.0117478
0.0399579
0.0859541
0.164214
0.00587152
-0.394357
-0.704803
-0.819215
-0.798488
-0.936644
-0.981236
-1.0662
-1.18885
-1.34738
-1.14521
-1.80994
-1.99246
-1.82038
-1.7054
-1.50941
-1.89895
-2.25325
-2.25427
-2.4259
-2.49701
-2.4185
-2.35846
-2.15194
-2.10899
-2.07083
-2.2759
-2.2451
-2.32396
-2.2242
-1.56818
-0.928173
-0.506046
-0.348514
-0.290644
-0.0378648
0.0407424
-0.269308
-0.529162
-0.836584
-1.15283
-1.45314
-1.30849
-1.65983
-1.69492
-1.70229
-1.78306
-1.90469
-1.49306
-1.19879
-1.3053
-1.53435
-1.95983
-1.90704
-1.88201
-1.98148
-2.15889
-2.18707
-2.35843
-2.49224
-2.66482
-2.57463
-2.63163
-2.77384
-2.72567
-2.73549
-2.70367
-2.60376
-2.4756
-2.50473
-2.76601
-2.88263
-2.88032
-2.75863
-2.65748
-2.70561
-2.5406
-2.06049
-1.6937
-1.15778
-0.92756
-0.786338
-0.605621
-0.39565
-0.281097
-0.184653
-0.134059
-0.209037
-0.261771
-0.378066
-0.590422
-0.840321
-1.10445
-1.48049
-1.80985
-2.02653
-2.07319
-2.29628
-2.401
-2.43707
-2.60328
-2.55826
-2.36703
-2.21602
-2.25717
-2.09768
-2.16135
-2.2545
-2.25454
-2.39559
-2.37965
-2.01182
-1.3007
-0.4661
-0.051061
0.350641
0.454406
0.526838
0.522414
0.547662
0.650247
0.585758
0.347882
0.162518
-0.170975
-0.597094
-1.10972
-1.30704
-1.45397
-1.59494
-1.78481
-1.88139
-2.07095
-2.20526
-2.03752
-1.64839
-1.35576
-1.58818
-2.00078
-2.21608
-2.20236
-2.17868
-2.33342
-2.49157
-2.5421
-2.49129
-2.39578
-2.63094
-2.96194
-2.75599
-2.28865
-1.72396
-1.27453
-0.807725
-0.475228
-0.187149
0.0124304
-0.0388243
-0.0443282
-0.0247747
-0.265866
-0.536014
-0.747363
-0.857437
-0.638595
-0.420559
-0.651383
-0.904354
-0.93628
-1.02454
-1.09083
-1.07899
-1.58871
-1.50092
-1.48662
-1.71056
-1.77241
-1.73534
-1.74273
-2.12927
-2.40667
-2.782
-2.70612
-2.78151
-2.80624
-2.60466
-2.52669
-2.59102
-2.47839
-2.37486
-2.45804
-2.52337
-2.48881
-2.43222
-2.22494
-1.99802
-1.94489
-1.87646
-2.08759
-2.18508
-2.02613
-1.73483
-1.67091
-1.66227
-1.59787
-1.5387
-1.7003
-1.68756
-1.82365
-1.86972
-1.84086
-1.7976
-1.82119
-2.16072
-2.21676
-2.14244
-1.98161
-2.03796
-2.11479
-2.15686
-2.16731
-2.18805
-2.28787
-2.19357
-2.13348
-2.2522
-2.48968
-2.396
-2.18721
-2.16046
-2.06985
-1.92524
-1.81048
-1.74726
-1.64994
-1.59033
-1.39956
-1.14527
-1.04068
-1.10537
-1.45767
-1.54054
-1.80882
-1.59763
-1.71358
-2.35936
-2.72342
-2.79719
-2.69652
-2.76906
-2.83911
-2.58649
-2.38363
-2.27353
-2.28761
-2.35981
-2.58614
-2.51699
-2.36258
-2.50804
-2.59935
-2.54266
-2.56212
-2.56752
-2.58395
-2.55602
-2.50659
-2.61305
-2.68838
-2.30673
-2.32474
-2.28859
-2.27956
-2.26353
-2.35462
-2.46586
-2.52651
-2.489
-2.41823
-2.37522
-2.49103
-2.43277
-2.38967
-2.45422
-2.54662
-2.57293
-2.61015
-2.64764
-2.50293
-2.6836
-3.02264
-2.99688
-2.85491
-2.25191
-1.78554
-1.9469
-2.52537
-2.76413
-2.53224
-2.36935
-2.41029
-2.51227
-2.40897
-2.3512
-2.13438
-2.01716
-1.9514
-1.94621
-2.01527
-2.05429
-2.0441
-1.99331
-2.0657
-2.11198
-2.15688
-2.17856
-2.22173
-2.2176
-2.13756
-2.08958
-2.24072
-2.2596
-2.16491
-2.06555
-2.02061
-1.86141
-1.6339
-1.64731
-1.65822
-1.59583
-1.85691
-2.34829
-2.54131
-2.74999
-2.77965
-2.75121
-2.43235
-2.33421
-2.42326
-2.29137
-2.3137
-2.3138
-2.2697
-2.28821
-2.15598
-1.98389
-1.73905
-1.51746
-1.12335
-0.989208
-0.785217
-0.864794
-0.852188
-0.676949
-0.660856
-0.678921
-0.965191
-1.30484
-1.65516
-2.09664
-2.33652
-2.47001
-2.62298
-2.58065
-2.5717
-2.70161
-2.69057
-2.68606
-2.63724
-2.66395
-2.74319
-2.84983
-2.46529
-1.51326
-1.13954
-1.36278
-1.9316
-1.88217
-1.66916
-1.60094
-1.70868
-1.6072
-1.60518
-1.69023
-1.76012
-1.85873
-1.76175
-1.67994
-1.89471
-2.16358
-2.40425
-2.56616
-2.75647
-2.7555
-2.69747
-2.70811
-2.83531
-2.86633
-2.83529
-2.76982
-2.55247
-2.60779
-2.67728
-2.61348
-2.57739
-2.52948
-2.45135
-2.35501
-2.30968
-2.33072
-2.27429
-1.95744
-1.64297
-1.93034
-1.53799
-1.03938
-0.660626
-0.343095
-0.379066
-0.612255
-0.407405
-0.149565
-0.0602143
-0.00744689
-0.0380149
-0.214039
-0.353337
-0.508825
-0.679069
-0.776519
-0.940325
-1.20828
-1.72966
-2.31249
-2.44793
-2.52636
-2.73389
-2.85816
-2.89646
-2.83993
-2.57247
-2.34284
-2.31745
-2.2317
-1.96166
-1.75702
-1.91172
-2.20874
-2.37176
-2.3765
-2.40548
-2.39782
-2.25095
-2.23438
-2.30684
-2.04108
-1.79348
-1.67617
-1.54296
-1.68285
-1.95431
-2.10762
-2.21011
-2.35666
-2.47088
-2.38489
-2.23895
-2.403
-2.42294
-2.3469
-2.27433
-2.28878
-2.31663
-2.31389
-2.27725
-2.19683
-2.12237
-2.17915
-2.15533
-2.1552
-2.19812
-2.16732
-2.08355
-2.13726
-2.30226
-2.13567
-1.91411
-1.81808
-1.73647
-1.71659
-1.62211
-1.5445
-1.70048
-1.72396
-1.84977
-2.00796
-2.00845
-1.94856
-1.85708
-1.83972
-1.86812
-1.92437
-2.12975
-2.22864
-2.15032
-2.04373
-2.14489
-2.0355
-1.94422
-1.96992
-2.07185
-2.26638
-2.3034
-2.11658
-2.12801
-2.24361
-2.48772
-2.4108
-2.45361
-2.54626
-2.6653
-2.72808
-2.73406
-2.70432
-2.70484
-2.49758
-2.16925
-2.0014
-1.66605
-1.36568
-1.35662
-1.29859
-1.23525
-1.23625
-1.31222
-1.22415
-1.16661
-1.3124
-1.39639
-1.42567
-1.44826
-1.29991
-1.20916
-1.19838
-1.1996
-1.32432
-1.3318
-1.1112
-1.02899
-1.18219
-1.24884
-1.24671
-1.27518
-1.20341
-1.2538
-1.38394
-1.25603
-0.585674
-0.314799
-0.731163
-1.16347
-1.25592
-1.15648
-1.08058
-1.21699
-1.27602
-1.18125
-1.05379
-1.07006
-0.993966
-0.992225
-1.06847
-1.13283
-1.25564
-1.31773
-1.25141
-1.10871
-1.11054
-1.15156
-1.1727
-1.12138
-1.15878
-1.1669
-1.23918
-1.33769
-1.19272
-1.2384
-1.35001
-1.18079
-0.966922
-1.02241
-1.09134
-1.19098
-1.09863
-1.15381
-1.194
-1.21724
-1.26517
-1.30515
-1.19743
-1.24363
-1.35131
-1.22691
-1.23238
-1.20203
-1.1117
-1.18751
-1.37394
-1.26114
-1.20563
-1.04724
-1.19559
-1.32617
-1.2153
-1.16473
-1.23832
-1.19252
-1.09495
-1.15724
-1.09909
-1.09696
-1.24526
-1.25976
-1.33576
-1.23151
-1.23723
-1.15265
-1.24293
-1.22431
-1.21813
-1.17502
-1.21249
-1.25691
-1.13318
-1.22185
-1.25327
-1.22787
-1.24599
-1.24138
-1.15411
-1.22104
-1.26731
-1.23727
-1.15435
-1.18792
-1.34369
-1.24876
-1.30875
-1.22382
-1.22864
-1.26665
-1.28166
-1.27187
-1.11596
-1.08818
-1.20575
-1.28966
-1.25579
-1.24835
-1.1866
-1.07085
-1.11842
-1.17645
-1.05774
-1.07074
-1.09705

