1.33577
0.927597
0.783855
0.638165
0.45701
0.3986
0.302022
0.379263
0.550756
1.04645
1.17175
0.874272
0.906078
0.637033
0.388546
0.371579
0.542177
0.535582
0.502328
0.369731
0.559483
1.43107
1.401
1.16675
1.99198
1.78979
0.769083
0.669842
0.620696
0.419656
0.328526
0.314762
0.251602
0.42992
0.547736
0.421984
0.331363
0.615676
0.657796
0.378471
0.363233
0.553835
0.471263
0.365869
0.338903
0.436992
0.43369
0.512623
0.578946
0.717601
0.505103
0.928609
0.828086
0.524256
0.386772
0.544481
0.679731
0.774842
0.717489
0.50486
0.631337
0.471779
0.440667
0.470766
0.354693
0.38504
0.428824
0.392143
0.514076
0.638465
0.505486
0.385382
0.631139
0.625142
0.863092
0.588348
0.462858
0.623412
0.760117
0.677543
0.577317
0.430807
0.383202
0.496193
0.61666
0.451276
0.193848
0.289885
0.479526
0.40024
0.384194
0.493195
0.497341
0.387314
1.17154
1.42083
0.853351
0.661795
0.530772
0.721745
0.812296
0.722987
0.733509
0.75234
0.837816
0.955504
0.969154
0.525587
0.730205
0.936267
0.673747
0.818509
0.635211
0.550225
0.532393
0.709403
0.761146
0.689536
0.454712
0.475067
0.574913
0.652464
0.579451
0.482886
0.436743
0.456186
1.31644
1.88882
1.65205
0.661995
0.549975
0.602913
0.618389
0.48124
0.555906
0.632784
0.467845
0.458933
0.401524
0.458923
0.560132
0.377166
0.371581
0.319881
0.305716
0.296979
0.409086
0.393065
0.380593
0.436873
0.500765
0.392262
0.194313
0.326167
0.508521
0.552817
0.574981
0.426266
0.28695
0.36523
0.540051
0.63631
0.547015
0.466971
0.538828
0.543978
0.527626
0.552623
0.538852
0.471644
0.622772
0.740052
0.50649
0.322363
0.312912
0.308403
0.304442
0.498491
0.980414
1.13711
0.991566
0.575073
0.644474
0.528743
0.454277
0.448292
0.274664
0.225024
0.336851
0.375991
0.385114
0.476264
0.477311
0.514735
0.565686
0.463045
0.49089
0.553149
0.496798
0.509224
0.506441
0.412809
0.445538
0.557681
0.439494
0.368278
0.330473
0.00352005
-0.105061
0.268514
0.380296
0.34371
0.270166
0.431014
0.47959
0.455197
0.602634
0.515731
0.245677
0.472514
0.612491
0.606997
0.593811
0.792522
0.631117
0.466501
0.461578
0.454918
0.544134
0.529994
0.638881
0.861013
0.63566
0.615913
0.704181
0.692633
0.748557
0.563166
0.546293
0.569225
0.507273
0.450054
0.682342
0.545757
0.365341
0.500798
0.591903
0.583848
0.519139
0.581507
0.652367
0.772687
0.846198
0.792273
0.638689
0.541523
0.754681
0.793532
0.758551
0.493389
0.650191
0.612801
0.633186
0.696825
0.951342
0.810392
0.62154
0.490535
0.50384
0.693246
0.663046
0.649836
0.926656
0.799202
0.818105
0.81535
0.576777
0.5957
0.397949
0.495627
0.439832
0.554649
0.652121
0.762679
0.713398
0.827565
0.955519
0.820597
0.69264
0.708889
0.602991
0.51266
0.758997
0.743763
0.687531
0.768997
0.562938
0.534679
0.633089
0.842039
0.722366
0.699604
0.408062
0.726246
0.828129
0.790988
0.693806
0.482433
0.789421
0.727967
0.404601
0.514837
0.569308
0.598368
0.543154
0.626992
0.511038
0.378995
0.488603
0.414031
0.332668
0.260488
0.427345
0.550294
0.783287
0.654453
0.527762
0.644181
0.432722
0.555813
0.600684
0.449534
0.4736
0.481269
0.366749
0.45672
0.589933
0.531362
0.474992
0.627785
0.473363
0.436941
0.75324
0.777699
0.711488
0.677089
0.558739
0.457468
0.395086
0.548712
0.38685
0.323715
0.266145
0.326163
0.387614
0.416696
0.341307
0.561316
0.591079
0.49378
0.624086
0.55195
0.487747
0.58203
0.625599
0.607944
0.499198
0.529749
0.551499
0.540541
0.511309
0.524896
0.461871
0.425171
0.614791
0.596575
0.578783
0.531065
0.420138
0.527906
0.530264
0.292128
0.505721
0.454314
0.366391
0.271937
0.255334
0.541978
0.554353
0.45295
0.604789
0.352426
0.243315
0.249487
0.270875
0.417682
0.330793
0.360962
0.42002
0.180419
0.271114
0.247976
0.14312
0.482047
0.439937
0.527236
0.4759
0.564261
0.523039
0.530201
0.401712
0.310966
0.25311
0.310439
0.416877
0.345849
0.421368
0.646568
0.6655
0.640125
0.631459
0.409395
0.35458
0.47268
0.543591
0.565726
0.481806
0.42436
0.513249
0.835277
1.31942
1.36975
1.45472
1.1454
1.03599
1.22228
1.51149
1.51531
2.38386
2.30464
1.97922
1.53907
2.33148
3.0233
3.65193
4.59811
4.81632
4.54716
4.71768
5.31441
5.33939
5.06197
3.97229
3.08359
2.7345
2.45216
2.085
2.50494
3.07547
3.10184
3.135
3.42019
4.41641
3.25329
2.85694
2.66093
2.04359
1.92955
1.89017
1.64571
1.47866
1.5845
1.46707
2.05743
1.84293
1.76606
1.79947
3.25877
4.1871
3.68901
2.47759
2.6248
3.41453
3.13187
3.05039
3.57849
4.49454
5.10706
5.34243
5.84805
5.32397
4.45541
3.86704
3.51354
3.98757
4.47482
3.78727
3.12272
3.17558
3.02616
2.18154
1.87328
1.59641
1.21866
1.06214
0.991568
0.861884
0.888102
1.00697
1.2425
1.22654
1.15263
1.18455
1.10281
1.02388
0.956495
0.979489
1.09531
1.09173
1.23984
1.32244
1.53307
1.69374
2.34612
3.28331
3.59806
4.42314
4.76597
5.13876
5.22106
4.89939
4.76123
3.97731
4.03466
4.41777
4.31925
4.04931
3.97369
2.81666
2.27726
2.22143
2.1183
2.10074
2.19527
2.2074
2.21355
2.17935
1.86448
2.0827
2.19678
2.11331
2.21232
2.57993
3.34031
3.63717
3.75554
3.70817
3.90603
3.94735
4.00456
4.79753
5.12216
4.16231
3.50501
3.60053
3.88965
4.30392
4.3907
4.30939
3.69855
3.64507
3.06353
2.59657
2.78077
3.0836
3.24417
3.26334
3.17829
2.77753
2.27875
2.27404
2.33162
2.48056
2.3805
2.09284
2.36591
2.57701
2.62588
2.45002
2.45301
2.71163
2.89992
2.92517
3.07776
3.15485
1.82362
1.16842
1.11414
1.1971
1.05362
0.91011
0.935309
1.05754
1.07995
1.12426
1.13259
1.12267
1.04917
1.0196
1.19504
1.57444
1.91453
2.18381
1.77863
1.47029
1.3664
1.74211
2.30945
2.49089
2.18517
2.00661
2.23764
2.20726
2.19888
2.44961
2.64394
2.88112
2.77211
2.81865
3.02196
3.16911
3.53157
4.26496
3.04921
2.43126
2.36429
2.30109
2.61338
2.48444
2.23931
2.45483
2.69188
2.57888
2.20454
2.23906
2.28774
2.21218
2.31841
2.64218
3.20071
3.43078
2.95786
2.74418
2.75251
2.70741
2.73905
2.97486
3.24195
3.58002
3.5167
3.30618
3.74183
4.41204
4.43018
4.15062
4.43918
4.29856
4.60832
5.29156
3.50745
3.0797
1.37007
0.599771
0.630843
0.947739
1.60771
1.96057
1.50868
0.881866
0.651148
0.591998
0.790326
0.627974
0.87137
0.966518
1.08142
1.76503
3.51498
4.09529
4.12296
3.83745
3.83099
4.32039
3.5476
3.49407
3.29725
2.73023
3.15922
3.29302
2.67109
1.8149
2.10465
2.55329
2.4993
2.54768
2.54176
2.15509
2.1557
2.24824
2.36438
2.05718
1.98941
1.87661
1.90006
1.86331
1.94262
2.03621
1.59418
1.57309
1.82848
2.10883
2.20432
2.06398
2.06311
2.0196
2.22346
2.21996
2.23082
2.25748
2.40746
2.71734
2.71873
2.51899
2.41377
2.08288
2.43546
2.77947
2.65456
2.37441
2.55826
2.99775
3.68139
3.15485
3.21312
3.45376
3.90548
3.26226
3.12331
3.59589
3.0826
2.78846
2.85661
2.97018
3.2878
3.48106
3.42617
3.83808
3.8565
3.44862
3.17918
3.17342
2.90214
3.26698
3.75741
2.95926
2.16686
2.49931
2.12458
2.01393
2.80774
3.51325
4.07288
2.91139
1.83871
1.40484
1.38993
1.33977
1.29949
1.30823
1.38972
1.40227
1.32117
1.13543
1.17706
1.31145
1.39374
1.47268
1.42193
1.45416
1.51395
1.47182
1.53192
1.49154
1.3989
1.377
1.47951
1.71335
1.93616
1.56015
1.1059
0.630073
0.529718
0.579476
0.700961
0.634076
0.329364
0.432333
0.820359
1.03689
1.17482
1.4908
1.52342
1.27575
1.3642
1.4615
1.24852
1.30166
1.36984
1.0687
0.814016
0.910499
1.07149
1.07477
1.24849
0.97813
0.970797
0.875913
0.695705
0.745402
0.732814
0.754162
0.818603
0.873619
0.856219
1.07096
0.941259
0.833024
0.75022
0.859038
0.825401
0.835651
0.978291
0.733213
0.548463
0.485724
0.588841
0.645429
0.699826
0.59656
0.468071
0.590281
0.75603
0.612631
0.409915
0.526874
0.518945
0.613947
0.449172
0.539221
0.5118
0.351122
0.499899
0.460884
0.621717
0.605748
0.390378
0.338484
0.385803
0.31593
0.424904
0.494795
0.630332
0.534659
0.561151
0.585412
0.431397
0.468552
0.570605
1.07599
1.29844
1.63249
2.01025
2.30722
2.77803
2.99389
3.51235
3.67388
3.04006
2.72246
3.09202
3.26697
2.77435
2.92825
3.74682
3.30975
3.56134
3.93894
3.44465
3.25584
3.49376
3.54213
3.48439
3.35821
3.21442
2.918
3.12665
2.95445
2.68494
2.7547
3.18627
3.32542
3.37043
3.68115
2.74944
2.22715
2.09642
2.25412
1.97071
1.64877
1.84667
2.74271
3.35956
3.14707
3.17024
3.33211
3.19069
3.21897
2.96051
2.99718
3.65454
3.1486
2.68803
2.65423
2.85338
1.99201
1.36496
1.47064
1.21291
1.07798
1.23866
1.46979
2.06284
2.09004
2.83908
2.39449
2.2318
2.37052
2.30265
2.53747
3.57019
2.92039
2.80392
3.18775
3.20051
2.70116
2.74665
3.48695
3.34589
3.22072
3.04287
2.43303
2.74236
3.45046
3.00774
2.16423
1.54542
1.1796
1.11224
1.16199
1.19303
1.11175
0.780435
0.679867
0.615411
0.450009
0.473205
0.400509
0.429516
0.489446
0.51509
0.282393
0.237315
0.507765
0.722001
0.45306
2.02783
2.57919
2.14903
1.69202
1.09526
1.61732
2.10702
2.16761
2.5686
2.90511
2.82994
2.60438
2.02719
1.77859
1.67156
2.32812
2.23147
2.5805
2.79328
1.85999
1.17352
1.11926
1.17225
1.21974
1.12409
1.05076
1.16774
1.3668
1.21003
1.16521
1.5822
1.42386
1.84544
1.83348
1.78128
1.83065
1.83828
0.996854
0.484012
0.644533
0.911014
1.93681
2.08794
1.96964
2.06351
2.34956
2.28628
2.42426
2.71713
3.289
3.02504
3.16761
3.55926
3.38699
3.42805
3.24923
2.84196
2.39541
2.33966
2.91593
3.23234
3.20717
2.96138
2.88029
3.0813
2.79037
2.14798
1.73142
1.15178
1.08319
1.04109
0.97783
0.829993
0.772588
0.725978
0.652724
0.632185
0.662521
0.677612
0.660102
0.708421
0.994047
1.45584
1.77332
1.95176
1.97841
2.52041
2.7625
2.81153
3.24248
3.08072
2.55863
2.16481
2.2989
1.95429
2.12714
2.37442
2.39579
2.83101
2.85893
2.22314
1.31122
0.786835
0.859851
1.05661
1.16313
1.1542
1.26529
1.25422
1.28597
1.33674
1.3389
1.19457
1.01991
0.879666
1.0193
1.0322
1.1377
1.3593
1.73617
1.82789
2.00475
2.47289
2.16028
1.37776
1.14414
1.44241
1.94926
2.37707
2.28744
2.17195
2.58855
3.13779
3.1918
2.90697
2.58177
3.33974
4.49931
4.04796
2.99465
1.88735
1.50055
1.33603
1.14589
0.952345
0.929885
1.04075
1.07793
1.01
1.12592
1.20202
0.975259
0.913695
0.779444
0.723441
0.808594
0.933287
0.787423
0.607479
0.434526
0.31246
1.61054
1.52801
1.46321
1.81518
1.82477
1.61235
1.2468
1.94917
2.68423
3.76875
3.471
3.63053
3.75963
3.19346
2.98726
3.14676
2.76013
2.44067
2.6883
2.8528
2.65424
2.46686
2.01708
1.57737
1.47103
1.25431
1.59409
1.77853
1.4401
0.829153
0.713352
0.657875
0.684428
1.30658
2.14481
2.22448
2.83296
2.87726
2.6106
2.21029
1.96781
2.00863
1.86394
1.63083
1.27711
1.36067
1.52907
1.64754
1.75243
1.85501
2.06143
1.83619
1.86238
2.25032
2.59389
2.12778
1.6339
1.58243
1.30989
0.976715
0.698311
0.612933
0.449143
0.439614
0.479226
0.450639
0.386822
0.414709
1.71045
1.86175
2.20711
1.68632
1.64359
2.60285
3.58397
3.75714
3.31282
3.54481
3.86417
3.08768
2.515
2.27398
2.37364
2.40145
2.88924
2.89897
2.5948
2.93321
3.1897
3.02897
3.0731
2.96613
3.02211
2.99416
2.63241
2.72207
2.94888
2.1194
2.19149
2.02739
1.85588
1.77178
2.11587
2.52095
2.67387
2.43045
2.21926
2.15026
2.50349
2.35233
2.05689
2.21291
2.46326
2.48786
2.54744
2.65577
2.55667
3.30176
4.59468
4.65888
4.30259
2.75075
1.89137
2.16644
3.24641
3.81871
2.98512
2.44723
2.48147
2.67879
2.35227
2.15835
1.52269
1.28668
1.20444
1.17568
1.35804
1.47497
1.36396
1.28549
1.36649
1.473
1.56046
1.53587
1.49546
1.36674
1.17565
1.02777
1.49004
1.6768
1.46544
1.26946
1.40429
1.12327
0.699166
1.16753
1.55154
1.48666
1.62854
2.4364
3.0266
3.72714
3.9019
3.83145
2.82146
2.51004
2.75101
2.38994
2.44824
2.28065
2.09902
2.11397
2.05743
2.22955
2.17298
2.13388
1.57432
1.35138
1.17601
1.2504
1.27404
1.17329
1.06504
0.960056
1.24192
1.68202
2.03104
2.54159
2.77445
2.80061
2.94071
2.7567
2.80638
3.26696
3.32575
3.39514
3.21138
3.30831
3.60578
3.94327
2.75649
0.87993
0.674994
0.893618
1.6598
1.25165
0.788188
0.57563
0.765903
0.697117
1.22052
1.32306
1.39348
1.48819
1.36231
1.19992
1.337
1.72913
2.02036
2.1804
2.62686
2.54992
2.41904
2.53585
2.84947
3.00103
3.02921
2.95161
2.53008
2.63627
2.67406
2.4511
2.37762
2.38053
2.23477
1.99447
1.82699
1.78585
1.68601
1.19194
1.02946
2.36971
1.89176
1.25664
0.979086
1.00576
1.01986
1.23772
1.15915
1.05352
1.1053
1.17743
1.13596
1.21435
1.4002
1.49071
1.55815
1.4455
1.37591
1.40881
1.8603
2.56992
2.89173
3.136
3.75005
4.23571
4.45578
4.24642
3.35091
2.73396
2.68333
2.44756
1.92962
1.78202
2.07932
2.45907
2.7666
2.695
2.76426
2.69767
2.29814
2.33656
2.47591
1.7766
1.25432
1.03205
1.13086
1.46456
1.79876
2.12056
2.39057
2.76124
2.98006
2.74272
2.43336
2.60322
2.63463
2.48853
2.21828
2.21991
2.33284
2.3489
2.34813
2.1421
1.8815
1.98021
1.96344
2.00069
1.99477
1.89416
1.82491
1.92329
2.12965
1.85865
1.59634
1.55683
1.43115
1.47952
1.28552
1.1434
1.30503
1.34296
1.49768
1.61927
1.59686
1.40991
1.29006
1.36732
1.47066
1.63904
2.05661
2.28276
2.16643
1.72096
1.74764
1.7553
1.66647
1.58797
1.69127
2.29916
2.38345
1.88889
2.19325
2.56973
3.13884
2.89126
3.03759
3.5726
4.16689
4.33288
4.25767
4.22721
4.06283
3.00473
2.23808
1.85844
0.843007
0.406821
0.434131
0.369187
0.432816
0.393038
0.597291
0.609461
0.531057
0.638096
0.784273
0.82344
0.664618
0.490492
0.344909
0.321049
0.317687
0.552066
0.5222
0.416663
0.365188
0.467512
0.481059
0.530419
0.612011
0.641472
0.730061
0.81864
0.53489
0.119647
0.151221
0.170394
0.380609
0.599878
0.474349
0.36412
0.455238
0.524029
0.355797
0.232451
0.242365
0.252186
0.418647
0.460555
0.449665
0.553537
0.648542
0.612516
0.451857
0.293994
0.353753
0.395787
0.41586
0.459801
0.405196
0.597693
0.659814
0.548546
0.700636
0.751623
0.549888
0.348043
0.33915
0.390049
0.562531
0.42129
0.548812
0.530633
0.549121
0.589072
0.588318
0.452568
0.433843
0.687238
0.53296
0.542728
0.456733
0.237018
0.411625
0.754009
0.619808
0.484914
0.229971
0.387941
0.645313
0.575813
0.492877
0.529562
0.509549
0.303447
0.387648
0.350608
0.428177
0.485164
0.550589
0.62484
0.437268
0.558908
0.480956
0.643405
0.595243
0.48611
0.411734
0.444523
0.579541
0.28582
0.420221
0.542585
0.655502
0.607493
0.519489
0.343711
0.471767
0.547841
0.567781
0.398609
0.380473
0.719476
0.509007
0.504027
0.472764
0.509982
0.631805
0.653685
0.647665
0.395146
0.362298
0.546197
0.653429
0.602856
0.49605
0.368352
0.258059
0.399224
0.541024
0.323579
0.375913
0.0995497

